-3.00000000000000000000000000000000
-2.99299299299299299299299299299299
-2.98598598598598598598598598598599
-2.97897897897897897897897897897898
-2.97197197197197197197197197197197
-2.96496496496496496496496496496497
-2.95795795795795795795795795795796
-2.95095095095095095095095095095095
-2.94394394394394394394394394394394
-2.93693693693693693693693693693694
-2.92992992992992992992992992992993
-2.92292292292292292292292292292292
-2.91591591591591591591591591591592
-2.90890890890890890890890890890891
-2.90190190190190190190190190190190
-2.89489489489489489489489489489489
-2.88788788788788788788788788788789
-2.88088088088088088088088088088088
-2.87387387387387387387387387387387
-2.86686686686686686686686686686687
-2.85985985985985985985985985985986
-2.85285285285285285285285285285285
-2.84584584584584584584584584584585
-2.83883883883883883883883883883884
-2.83183183183183183183183183183183
-2.82482482482482482482482482482482
-2.81781781781781781781781781781782
-2.81081081081081081081081081081081
-2.80380380380380380380380380380380
-2.79679679679679679679679679679680
-2.78978978978978978978978978978979
-2.78278278278278278278278278278278
-2.77577577577577577577577577577578
-2.76876876876876876876876876876877
-2.76176176176176176176176176176176
-2.75475475475475475475475475475475
-2.74774774774774774774774774774775
-2.74074074074074074074074074074074
-2.73373373373373373373373373373373
-2.72672672672672672672672672672673
-2.71971971971971971971971971971972
-2.71271271271271271271271271271271
-2.70570570570570570570570570570571
-2.69869869869869869869869869869870
-2.69169169169169169169169169169169
-2.68468468468468468468468468468468
-2.67767767767767767767767767767768
-2.67067067067067067067067067067067
-2.66366366366366366366366366366366
-2.65665665665665665665665665665666
-2.64964964964964964964964964964965
-2.64264264264264264264264264264264
-2.63563563563563563563563563563564
-2.62862862862862862862862862862863
-2.62162162162162162162162162162162
-2.61461461461461461461461461461461
-2.60760760760760760760760760760761
-2.60060060060060060060060060060060
-2.59359359359359359359359359359359
-2.58658658658658658658658658658659
-2.57957957957957957957957957957958
-2.57257257257257257257257257257257
-2.56556556556556556556556556556557
-2.55855855855855855855855855855856
-2.55155155155155155155155155155155
-2.54454454454454454454454454454454
-2.53753753753753753753753753753754
-2.53053053053053053053053053053053
-2.52352352352352352352352352352352
-2.51651651651651651651651651651652
-2.50950950950950950950950950950951
-2.50250250250250250250250250250250
-2.49549549549549549549549549549550
-2.48848848848848848848848848848849
-2.48148148148148148148148148148148
-2.47447447447447447447447447447447
-2.46746746746746746746746746746747
-2.46046046046046046046046046046046
-2.45345345345345345345345345345345
-2.44644644644644644644644644644645
-2.43943943943943943943943943943944
-2.43243243243243243243243243243243
-2.42542542542542542542542542542543
-2.41841841841841841841841841841842
-2.41141141141141141141141141141141
-2.40440440440440440440440440440440
-2.39739739739739739739739739739740
-2.39039039039039039039039039039039
-2.38338338338338338338338338338338
-2.37637637637637637637637637637638
-2.36936936936936936936936936936937
-2.36236236236236236236236236236236
-2.35535535535535535535535535535536
-2.34834834834834834834834834834835
-2.34134134134134134134134134134134
-2.33433433433433433433433433433433
-2.32732732732732732732732732732733
-2.32032032032032032032032032032032
-2.31331331331331331331331331331331
-2.30630630630630630630630630630631
-2.29929929929929929929929929929930
-2.29229229229229229229229229229229
-2.28528528528528528528528528528529
-2.27827827827827827827827827827828
-2.27127127127127127127127127127127
-2.26426426426426426426426426426426
-2.25725725725725725725725725725726
-2.25025025025025025025025025025025
-2.24324324324324324324324324324324
-2.23623623623623623623623623623624
-2.22922922922922922922922922922923
-2.22222222222222222222222222222222
-2.21521521521521521521521521521522
-2.20820820820820820820820820820821
-2.20120120120120120120120120120120
-2.19419419419419419419419419419419
-2.18718718718718718718718718718719
-2.18018018018018018018018018018018
-2.17317317317317317317317317317317
-2.16616616616616616616616616616617
-2.15915915915915915915915915915916
-2.15215215215215215215215215215215
-2.14514514514514514514514514514515
-2.13813813813813813813813813813814
-2.13113113113113113113113113113113
-2.12412412412412412412412412412412
-2.11711711711711711711711711711712
-2.11011011011011011011011011011011
-2.10310310310310310310310310310310
-2.09609609609609609609609609609610
-2.08908908908908908908908908908909
-2.08208208208208208208208208208208
-2.07507507507507507507507507507508
-2.06806806806806806806806806806807
-2.06106106106106106106106106106106
-2.05405405405405405405405405405405
-2.04704704704704704704704704704705
-2.04004004004004004004004004004004
-2.03303303303303303303303303303303
-2.02602602602602602602602602602603
-2.01901901901901901901901901901902
-2.01201201201201201201201201201201
-2.00500500500500500500500500500500
-1.99799799799799799799799799799800
-1.99099099099099099099099099099099
-1.98398398398398398398398398398398
-1.97697697697697697697697697697698
-1.96996996996996996996996996996997
-1.96296296296296296296296296296296
-1.95595595595595595595595595595596
-1.94894894894894894894894894894895
-1.94194194194194194194194194194194
-1.93493493493493493493493493493493
-1.92792792792792792792792792792793
-1.92092092092092092092092092092092
-1.91391391391391391391391391391391
-1.90690690690690690690690690690691
-1.89989989989989989989989989989990
-1.89289289289289289289289289289289
-1.88588588588588588588588588588589
-1.87887887887887887887887887887888
-1.87187187187187187187187187187187
-1.86486486486486486486486486486486
-1.85785785785785785785785785785786
-1.85085085085085085085085085085085
-1.84384384384384384384384384384384
-1.83683683683683683683683683683684
-1.82982982982982982982982982982983
-1.82282282282282282282282282282282
-1.81581581581581581581581581581582
-1.80880880880880880880880880880881
-1.80180180180180180180180180180180
-1.79479479479479479479479479479479
-1.78778778778778778778778778778779
-1.78078078078078078078078078078078
-1.77377377377377377377377377377377
-1.76676676676676676676676676676677
-1.75975975975975975975975975975976
-1.75275275275275275275275275275275
-1.74574574574574574574574574574575
-1.73873873873873873873873873873874
-1.73173173173173173173173173173173
-1.72472472472472472472472472472472
-1.71771771771771771771771771771772
-1.71071071071071071071071071071071
-1.70370370370370370370370370370370
-1.69669669669669669669669669669670
-1.68968968968968968968968968968969
-1.68268268268268268268268268268268
-1.67567567567567567567567567567568
-1.66866866866866866866866866866867
-1.66166166166166166166166166166166
-1.65465465465465465465465465465465
-1.64764764764764764764764764764765
-1.64064064064064064064064064064064
-1.63363363363363363363363363363363
-1.62662662662662662662662662662663
-1.61961961961961961961961961961962
-1.61261261261261261261261261261261
-1.60560560560560560560560560560561
-1.59859859859859859859859859859860
-1.59159159159159159159159159159159
-1.58458458458458458458458458458458
-1.57757757757757757757757757757758
-1.57057057057057057057057057057057
-1.56356356356356356356356356356356
-1.55655655655655655655655655655656
-1.54954954954954954954954954954955
-1.54254254254254254254254254254254
-1.53553553553553553553553553553554
-1.52852852852852852852852852852853
-1.52152152152152152152152152152152
-1.51451451451451451451451451451451
-1.50750750750750750750750750750751
-1.50050050050050050050050050050050
-1.49349349349349349349349349349349
-1.48648648648648648648648648648649
-1.47947947947947947947947947947948
-1.47247247247247247247247247247247
-1.46546546546546546546546546546547
-1.45845845845845845845845845845846
-1.45145145145145145145145145145145
-1.44444444444444444444444444444444
-1.43743743743743743743743743743744
-1.43043043043043043043043043043043
-1.42342342342342342342342342342342
-1.41641641641641641641641641641642
-1.40940940940940940940940940940941
-1.40240240240240240240240240240240
-1.39539539539539539539539539539540
-1.38838838838838838838838838838839
-1.38138138138138138138138138138138
-1.37437437437437437437437437437437
-1.36736736736736736736736736736737
-1.36036036036036036036036036036036
-1.35335335335335335335335335335335
-1.34634634634634634634634634634635
-1.33933933933933933933933933933934
-1.33233233233233233233233233233233
-1.32532532532532532532532532532533
-1.31831831831831831831831831831832
-1.31131131131131131131131131131131
-1.30430430430430430430430430430430
-1.29729729729729729729729729729730
-1.29029029029029029029029029029029
-1.28328328328328328328328328328328
-1.27627627627627627627627627627628
-1.26926926926926926926926926926927
-1.26226226226226226226226226226226
-1.25525525525525525525525525525526
-1.24824824824824824824824824824825
-1.24124124124124124124124124124124
-1.23423423423423423423423423423423
-1.22722722722722722722722722722723
-1.22022022022022022022022022022022
-1.21321321321321321321321321321321
-1.20620620620620620620620620620621
-1.19919919919919919919919919919920
-1.19219219219219219219219219219219
-1.18518518518518518518518518518519
-1.17817817817817817817817817817818
-1.17117117117117117117117117117117
-1.16416416416416416416416416416416
-1.15715715715715715715715715715716
-1.15015015015015015015015015015015
-1.14314314314314314314314314314314
-1.13613613613613613613613613613614
-1.12912912912912912912912912912913
-1.12212212212212212212212212212212
-1.11511511511511511511511511511512
-1.10810810810810810810810810810811
-1.10110110110110110110110110110110
-1.09409409409409409409409409409409
-1.08708708708708708708708708708709
-1.08008008008008008008008008008008
-1.07307307307307307307307307307307
-1.06606606606606606606606606606607
-1.05905905905905905905905905905906
-1.05205205205205205205205205205205
-1.04504504504504504504504504504505
-1.03803803803803803803803803803804
-1.03103103103103103103103103103103
-1.02402402402402402402402402402402
-1.01701701701701701701701701701702
-1.01001001001001001001001001001001
-1.00300300300300300300300300300300
-0.995995995995995995995995995995996
-0.988988988988988988988988988988989
-0.981981981981981981981981981981982
-0.974974974974974974974974974974975
-0.967967967967967967967967967967968
-0.960960960960960960960960960960961
-0.953953953953953953953953953953954
-0.946946946946946946946946946946947
-0.939939939939939939939939939939940
-0.932932932932932932932932932932933
-0.925925925925925925925925925925926
-0.918918918918918918918918918918919
-0.911911911911911911911911911911912
-0.904904904904904904904904904904905
-0.897897897897897897897897897897898
-0.890890890890890890890890890890891
-0.883883883883883883883883883883884
-0.876876876876876876876876876876877
-0.869869869869869869869869869869870
-0.862862862862862862862862862862863
-0.855855855855855855855855855855856
-0.848848848848848848848848848848849
-0.841841841841841841841841841841842
-0.834834834834834834834834834834835
-0.827827827827827827827827827827828
-0.820820820820820820820820820820821
-0.813813813813813813813813813813814
-0.806806806806806806806806806806807
-0.799799799799799799799799799799800
-0.792792792792792792792792792792793
-0.785785785785785785785785785785786
-0.778778778778778778778778778778779
-0.771771771771771771771771771771772
-0.764764764764764764764764764764765
-0.757757757757757757757757757757758
-0.750750750750750750750750750750751
-0.743743743743743743743743743743744
-0.736736736736736736736736736736737
-0.729729729729729729729729729729730
-0.722722722722722722722722722722723
-0.715715715715715715715715715715716
-0.708708708708708708708708708708709
-0.701701701701701701701701701701702
-0.694694694694694694694694694694695
-0.687687687687687687687687687687688
-0.680680680680680680680680680680681
-0.673673673673673673673673673673674
-0.666666666666666666666666666666667
-0.659659659659659659659659659659660
-0.652652652652652652652652652652653
-0.645645645645645645645645645645646
-0.638638638638638638638638638638639
-0.631631631631631631631631631631632
-0.624624624624624624624624624624625
-0.617617617617617617617617617617618
-0.610610610610610610610610610610611
-0.603603603603603603603603603603604
-0.596596596596596596596596596596597
-0.589589589589589589589589589589590
-0.582582582582582582582582582582583
-0.575575575575575575575575575575576
-0.568568568568568568568568568568569
-0.561561561561561561561561561561562
-0.554554554554554554554554554554555
-0.547547547547547547547547547547548
-0.540540540540540540540540540540541
-0.533533533533533533533533533533534
-0.526526526526526526526526526526527
-0.519519519519519519519519519519520
-0.512512512512512512512512512512512
-0.505505505505505505505505505505505
-0.498498498498498498498498498498499
-0.491491491491491491491491491491491
-0.484484484484484484484484484484484
-0.477477477477477477477477477477477
-0.470470470470470470470470470470470
-0.463463463463463463463463463463463
-0.456456456456456456456456456456456
-0.449449449449449449449449449449449
-0.442442442442442442442442442442442
-0.435435435435435435435435435435435
-0.428428428428428428428428428428428
-0.421421421421421421421421421421421
-0.414414414414414414414414414414414
-0.407407407407407407407407407407407
-0.400400400400400400400400400400400
-0.393393393393393393393393393393393
-0.386386386386386386386386386386386
-0.379379379379379379379379379379379
-0.372372372372372372372372372372372
-0.365365365365365365365365365365365
-0.358358358358358358358358358358358
-0.351351351351351351351351351351351
-0.344344344344344344344344344344344
-0.337337337337337337337337337337337
-0.330330330330330330330330330330330
-0.323323323323323323323323323323323
-0.316316316316316316316316316316316
-0.309309309309309309309309309309309
-0.302302302302302302302302302302302
-0.295295295295295295295295295295295
-0.288288288288288288288288288288288
-0.281281281281281281281281281281281
-0.274274274274274274274274274274274
-0.267267267267267267267267267267267
-0.260260260260260260260260260260260
-0.253253253253253253253253253253253
-0.246246246246246246246246246246246
-0.239239239239239239239239239239239
-0.232232232232232232232232232232232
-0.225225225225225225225225225225225
-0.218218218218218218218218218218218
-0.211211211211211211211211211211211
-0.204204204204204204204204204204204
-0.197197197197197197197197197197197
-0.190190190190190190190190190190190
-0.183183183183183183183183183183183
-0.176176176176176176176176176176176
-0.169169169169169169169169169169169
-0.162162162162162162162162162162162
-0.155155155155155155155155155155155
-0.148148148148148148148148148148148
-0.141141141141141141141141141141141
-0.134134134134134134134134134134134
-0.127127127127127127127127127127127
-0.120120120120120120120120120120120
-0.113113113113113113113113113113113
-0.106106106106106106106106106106106
-0.0990990990990990990990990990990991
-0.0920920920920920920920920920920921
-0.0850850850850850850850850850850851
-0.0780780780780780780780780780780781
-0.0710710710710710710710710710710711
-0.0640640640640640640640640640640641
-0.0570570570570570570570570570570571
-0.0500500500500500500500500500500501
-0.0430430430430430430430430430430430
-0.0360360360360360360360360360360360
-0.0290290290290290290290290290290290
-0.0220220220220220220220220220220220
-0.0150150150150150150150150150150150
-0.00800800800800800800800800800800801
-0.00100100100100100100100100100100100
0.00600600600600600600600600600600601
0.0130130130130130130130130130130130
0.0200200200200200200200200200200200
0.0270270270270270270270270270270270
0.0340340340340340340340340340340340
0.0410410410410410410410410410410410
0.0480480480480480480480480480480481
0.0550550550550550550550550550550551
0.0620620620620620620620620620620621
0.0690690690690690690690690690690691
0.0760760760760760760760760760760761
0.0830830830830830830830830830830831
0.0900900900900900900900900900900901
0.0970970970970970970970970970970971
0.104104104104104104104104104104104
0.111111111111111111111111111111111
0.118118118118118118118118118118118
0.125125125125125125125125125125125
0.132132132132132132132132132132132
0.139139139139139139139139139139139
0.146146146146146146146146146146146
0.153153153153153153153153153153153
0.160160160160160160160160160160160
0.167167167167167167167167167167167
0.174174174174174174174174174174174
0.181181181181181181181181181181181
0.188188188188188188188188188188188
0.195195195195195195195195195195195
0.202202202202202202202202202202202
0.209209209209209209209209209209209
0.216216216216216216216216216216216
0.223223223223223223223223223223223
0.230230230230230230230230230230230
0.237237237237237237237237237237237
0.244244244244244244244244244244244
0.251251251251251251251251251251251
0.258258258258258258258258258258258
0.265265265265265265265265265265265
0.272272272272272272272272272272272
0.279279279279279279279279279279279
0.286286286286286286286286286286286
0.293293293293293293293293293293293
0.300300300300300300300300300300300
0.307307307307307307307307307307307
0.314314314314314314314314314314314
0.321321321321321321321321321321321
0.328328328328328328328328328328328
0.335335335335335335335335335335335
0.342342342342342342342342342342342
0.349349349349349349349349349349349
0.356356356356356356356356356356356
0.363363363363363363363363363363363
0.370370370370370370370370370370370
0.377377377377377377377377377377377
0.384384384384384384384384384384384
0.391391391391391391391391391391391
0.398398398398398398398398398398398
0.405405405405405405405405405405405
0.412412412412412412412412412412412
0.419419419419419419419419419419419
0.426426426426426426426426426426426
0.433433433433433433433433433433433
0.440440440440440440440440440440440
0.447447447447447447447447447447447
0.454454454454454454454454454454454
0.461461461461461461461461461461461
0.468468468468468468468468468468468
0.475475475475475475475475475475475
0.482482482482482482482482482482482
0.489489489489489489489489489489489
0.496496496496496496496496496496497
0.503503503503503503503503503503503
0.510510510510510510510510510510510
0.517517517517517517517517517517518
0.524524524524524524524524524524525
0.531531531531531531531531531531532
0.538538538538538538538538538538539
0.545545545545545545545545545545546
0.552552552552552552552552552552553
0.559559559559559559559559559559560
0.566566566566566566566566566566567
0.573573573573573573573573573573574
0.580580580580580580580580580580581
0.587587587587587587587587587587588
0.594594594594594594594594594594595
0.601601601601601601601601601601602
0.608608608608608608608608608608609
0.615615615615615615615615615615616
0.622622622622622622622622622622623
0.629629629629629629629629629629630
0.636636636636636636636636636636637
0.643643643643643643643643643643644
0.650650650650650650650650650650651
0.657657657657657657657657657657658
0.664664664664664664664664664664665
0.671671671671671671671671671671672
0.678678678678678678678678678678679
0.685685685685685685685685685685686
0.692692692692692692692692692692693
0.699699699699699699699699699699700
0.706706706706706706706706706706707
0.713713713713713713713713713713714
0.720720720720720720720720720720721
0.727727727727727727727727727727728
0.734734734734734734734734734734735
0.741741741741741741741741741741742
0.748748748748748748748748748748749
0.755755755755755755755755755755756
0.762762762762762762762762762762763
0.769769769769769769769769769769770
0.776776776776776776776776776776777
0.783783783783783783783783783783784
0.790790790790790790790790790790791
0.797797797797797797797797797797798
0.804804804804804804804804804804805
0.811811811811811811811811811811812
0.818818818818818818818818818818819
0.825825825825825825825825825825826
0.832832832832832832832832832832833
0.839839839839839839839839839839840
0.846846846846846846846846846846847
0.853853853853853853853853853853854
0.860860860860860860860860860860861
0.867867867867867867867867867867868
0.874874874874874874874874874874875
0.881881881881881881881881881881882
0.888888888888888888888888888888889
0.895895895895895895895895895895896
0.902902902902902902902902902902903
0.909909909909909909909909909909910
0.916916916916916916916916916916917
0.923923923923923923923923923923924
0.930930930930930930930930930930931
0.937937937937937937937937937937938
0.944944944944944944944944944944945
0.951951951951951951951951951951952
0.958958958958958958958958958958959
0.965965965965965965965965965965966
0.972972972972972972972972972972973
0.979979979979979979979979979979980
0.986986986986986986986986986986987
0.993993993993993993993993993993994
1.00100100100100100100100100100100
1.00800800800800800800800800800801
1.01501501501501501501501501501501
1.02202202202202202202202202202202
1.02902902902902902902902902902903
1.03603603603603603603603603603604
1.04304304304304304304304304304304
1.05005005005005005005005005005005
1.05705705705705705705705705705706
1.06406406406406406406406406406406
1.07107107107107107107107107107107
1.07807807807807807807807807807808
1.08508508508508508508508508508509
1.09209209209209209209209209209209
1.09909909909909909909909909909910
1.10610610610610610610610610610611
1.11311311311311311311311311311311
1.12012012012012012012012012012012
1.12712712712712712712712712712713
1.13413413413413413413413413413413
1.14114114114114114114114114114114
1.14814814814814814814814814814815
1.15515515515515515515515515515516
1.16216216216216216216216216216216
1.16916916916916916916916916916917
1.17617617617617617617617617617618
1.18318318318318318318318318318318
1.19019019019019019019019019019019
1.19719719719719719719719719719720
1.20420420420420420420420420420420
1.21121121121121121121121121121121
1.21821821821821821821821821821822
1.22522522522522522522522522522523
1.23223223223223223223223223223223
1.23923923923923923923923923923924
1.24624624624624624624624624624625
1.25325325325325325325325325325325
1.26026026026026026026026026026026
1.26726726726726726726726726726727
1.27427427427427427427427427427427
1.28128128128128128128128128128128
1.28828828828828828828828828828829
1.29529529529529529529529529529530
1.30230230230230230230230230230230
1.30930930930930930930930930930931
1.31631631631631631631631631631632
1.32332332332332332332332332332332
1.33033033033033033033033033033033
1.33733733733733733733733733733734
1.34434434434434434434434434434434
1.35135135135135135135135135135135
1.35835835835835835835835835835836
1.36536536536536536536536536536537
1.37237237237237237237237237237237
1.37937937937937937937937937937938
1.38638638638638638638638638638639
1.39339339339339339339339339339339
1.40040040040040040040040040040040
1.40740740740740740740740740740741
1.41441441441441441441441441441441
1.42142142142142142142142142142142
1.42842842842842842842842842842843
1.43543543543543543543543543543544
1.44244244244244244244244244244244
1.44944944944944944944944944944945
1.45645645645645645645645645645646
1.46346346346346346346346346346346
1.47047047047047047047047047047047
1.47747747747747747747747747747748
1.48448448448448448448448448448448
1.49149149149149149149149149149149
1.49849849849849849849849849849850
1.50550550550550550550550550550551
1.51251251251251251251251251251251
1.51951951951951951951951951951952
1.52652652652652652652652652652653
1.53353353353353353353353353353353
1.54054054054054054054054054054054
1.54754754754754754754754754754755
1.55455455455455455455455455455455
1.56156156156156156156156156156156
1.56856856856856856856856856856857
1.57557557557557557557557557557558
1.58258258258258258258258258258258
1.58958958958958958958958958958959
1.59659659659659659659659659659660
1.60360360360360360360360360360360
1.61061061061061061061061061061061
1.61761761761761761761761761761762
1.62462462462462462462462462462462
1.63163163163163163163163163163163
1.63863863863863863863863863863864
1.64564564564564564564564564564565
1.65265265265265265265265265265265
1.65965965965965965965965965965966
1.66666666666666666666666666666667
1.67367367367367367367367367367367
1.68068068068068068068068068068068
1.68768768768768768768768768768769
1.69469469469469469469469469469469
1.70170170170170170170170170170170
1.70870870870870870870870870870871
1.71571571571571571571571571571572
1.72272272272272272272272272272272
1.72972972972972972972972972972973
1.73673673673673673673673673673674
1.74374374374374374374374374374374
1.75075075075075075075075075075075
1.75775775775775775775775775775776
1.76476476476476476476476476476476
1.77177177177177177177177177177177
1.77877877877877877877877877877878
1.78578578578578578578578578578579
1.79279279279279279279279279279279
1.79979979979979979979979979979980
1.80680680680680680680680680680681
1.81381381381381381381381381381381
1.82082082082082082082082082082082
1.82782782782782782782782782782783
1.83483483483483483483483483483483
1.84184184184184184184184184184184
1.84884884884884884884884884884885
1.85585585585585585585585585585586
1.86286286286286286286286286286286
1.86986986986986986986986986986987
1.87687687687687687687687687687688
1.88388388388388388388388388388388
1.89089089089089089089089089089089
1.89789789789789789789789789789790
1.90490490490490490490490490490490
1.91191191191191191191191191191191
1.91891891891891891891891891891892
1.92592592592592592592592592592593
1.93293293293293293293293293293293
1.93993993993993993993993993993994
1.94694694694694694694694694694695
1.95395395395395395395395395395395
1.96096096096096096096096096096096
1.96796796796796796796796796796797
1.97497497497497497497497497497498
1.98198198198198198198198198198198
1.98898898898898898898898898898899
1.99599599599599599599599599599600
2.00300300300300300300300300300300
2.01001001001001001001001001001001
2.01701701701701701701701701701702
2.02402402402402402402402402402402
2.03103103103103103103103103103103
2.03803803803803803803803803803804
2.04504504504504504504504504504504
2.05205205205205205205205205205205
2.05905905905905905905905905905906
2.06606606606606606606606606606607
2.07307307307307307307307307307307
2.08008008008008008008008008008008
2.08708708708708708708708708708709
2.09409409409409409409409409409409
2.10110110110110110110110110110110
2.10810810810810810810810810810811
2.11511511511511511511511511511512
2.12212212212212212212212212212212
2.12912912912912912912912912912913
2.13613613613613613613613613613614
2.14314314314314314314314314314314
2.15015015015015015015015015015015
2.15715715715715715715715715715716
2.16416416416416416416416416416416
2.17117117117117117117117117117117
2.17817817817817817817817817817818
2.18518518518518518518518518518518
2.19219219219219219219219219219219
2.19919919919919919919919919919920
2.20620620620620620620620620620621
2.21321321321321321321321321321321
2.22022022022022022022022022022022
2.22722722722722722722722722722723
2.23423423423423423423423423423423
2.24124124124124124124124124124124
2.24824824824824824824824824824825
2.25525525525525525525525525525526
2.26226226226226226226226226226226
2.26926926926926926926926926926927
2.27627627627627627627627627627628
2.28328328328328328328328328328328
2.29029029029029029029029029029029
2.29729729729729729729729729729730
2.30430430430430430430430430430430
2.31131131131131131131131131131131
2.31831831831831831831831831831832
2.32532532532532532532532532532533
2.33233233233233233233233233233233
2.33933933933933933933933933933934
2.34634634634634634634634634634635
2.35335335335335335335335335335335
2.36036036036036036036036036036036
2.36736736736736736736736736736737
2.37437437437437437437437437437437
2.38138138138138138138138138138138
2.38838838838838838838838838838839
2.39539539539539539539539539539540
2.40240240240240240240240240240240
2.40940940940940940940940940940941
2.41641641641641641641641641641642
2.42342342342342342342342342342342
2.43043043043043043043043043043043
2.43743743743743743743743743743744
2.44444444444444444444444444444444
2.45145145145145145145145145145145
2.45845845845845845845845845845846
2.46546546546546546546546546546547
2.47247247247247247247247247247247
2.47947947947947947947947947947948
2.48648648648648648648648648648649
2.49349349349349349349349349349349
2.50050050050050050050050050050050
2.50750750750750750750750750750751
2.51451451451451451451451451451451
2.52152152152152152152152152152152
2.52852852852852852852852852852853
2.53553553553553553553553553553554
2.54254254254254254254254254254254
2.54954954954954954954954954954955
2.55655655655655655655655655655656
2.56356356356356356356356356356356
2.57057057057057057057057057057057
2.57757757757757757757757757757758
2.58458458458458458458458458458458
2.59159159159159159159159159159159
2.59859859859859859859859859859860
2.60560560560560560560560560560561
2.61261261261261261261261261261261
2.61961961961961961961961961961962
2.62662662662662662662662662662663
2.63363363363363363363363363363363
2.64064064064064064064064064064064
2.64764764764764764764764764764765
2.65465465465465465465465465465465
2.66166166166166166166166166166166
2.66866866866866866866866866866867
2.67567567567567567567567567567568
2.68268268268268268268268268268268
2.68968968968968968968968968968969
2.69669669669669669669669669669670
2.70370370370370370370370370370370
2.71071071071071071071071071071071
2.71771771771771771771771771771772
2.72472472472472472472472472472472
2.73173173173173173173173173173173
2.73873873873873873873873873873874
2.74574574574574574574574574574575
2.75275275275275275275275275275275
2.75975975975975975975975975975976
2.76676676676676676676676676676677
2.77377377377377377377377377377377
2.78078078078078078078078078078078
2.78778778778778778778778778778779
2.79479479479479479479479479479479
2.80180180180180180180180180180180
2.80880880880880880880880880880881
2.81581581581581581581581581581582
2.82282282282282282282282282282282
2.82982982982982982982982982982983
2.83683683683683683683683683683684
2.84384384384384384384384384384384
2.85085085085085085085085085085085
2.85785785785785785785785785785786
2.86486486486486486486486486486486
2.87187187187187187187187187187187
2.87887887887887887887887887887888
2.88588588588588588588588588588589
2.89289289289289289289289289289289
2.89989989989989989989989989989990
2.90690690690690690690690690690691
2.91391391391391391391391391391391
2.92092092092092092092092092092092
2.92792792792792792792792792792793
2.93493493493493493493493493493493
2.94194194194194194194194194194194
2.94894894894894894894894894894895
2.95595595595595595595595595595596
2.96296296296296296296296296296296
2.96996996996996996996996996996997
2.97697697697697697697697697697698
2.98398398398398398398398398398398
2.99099099099099099099099099099099
2.99799799799799799799799799799800
3.00500500500500500500500500500500
3.01201201201201201201201201201201
3.01901901901901901901901901901902
3.02602602602602602602602602602603
3.03303303303303303303303303303303
3.04004004004004004004004004004004
3.04704704704704704704704704704705
3.05405405405405405405405405405405
3.06106106106106106106106106106106
3.06806806806806806806806806806807
3.07507507507507507507507507507508
3.08208208208208208208208208208208
3.08908908908908908908908908908909
3.09609609609609609609609609609610
3.10310310310310310310310310310310
3.11011011011011011011011011011011
3.11711711711711711711711711711712
3.12412412412412412412412412412412
3.13113113113113113113113113113113
3.13813813813813813813813813813814
3.14514514514514514514514514514515
3.15215215215215215215215215215215
3.15915915915915915915915915915916
3.16616616616616616616616616616617
3.17317317317317317317317317317317
3.18018018018018018018018018018018
3.18718718718718718718718718718719
3.19419419419419419419419419419419
3.20120120120120120120120120120120
3.20820820820820820820820820820821
3.21521521521521521521521521521522
3.22222222222222222222222222222222
3.22922922922922922922922922922923
3.23623623623623623623623623623624
3.24324324324324324324324324324324
3.25025025025025025025025025025025
3.25725725725725725725725725725726
3.26426426426426426426426426426426
3.27127127127127127127127127127127
3.27827827827827827827827827827828
3.28528528528528528528528528528529
3.29229229229229229229229229229229
3.29929929929929929929929929929930
3.30630630630630630630630630630631
3.31331331331331331331331331331331
3.32032032032032032032032032032032
3.32732732732732732732732732732733
3.33433433433433433433433433433433
3.34134134134134134134134134134134
3.34834834834834834834834834834835
3.35535535535535535535535535535536
3.36236236236236236236236236236236
3.36936936936936936936936936936937
3.37637637637637637637637637637638
3.38338338338338338338338338338338
3.39039039039039039039039039039039
3.39739739739739739739739739739740
3.40440440440440440440440440440440
3.41141141141141141141141141141141
3.41841841841841841841841841841842
3.42542542542542542542542542542543
3.43243243243243243243243243243243
3.43943943943943943943943943943944
3.44644644644644644644644644644645
3.45345345345345345345345345345345
3.46046046046046046046046046046046
3.46746746746746746746746746746747
3.47447447447447447447447447447447
3.48148148148148148148148148148148
3.48848848848848848848848848848849
3.49549549549549549549549549549550
3.50250250250250250250250250250250
3.50950950950950950950950950950951
3.51651651651651651651651651651652
3.52352352352352352352352352352352
3.53053053053053053053053053053053
3.53753753753753753753753753753754
3.54454454454454454454454454454454
3.55155155155155155155155155155155
3.55855855855855855855855855855856
3.56556556556556556556556556556557
3.57257257257257257257257257257257
3.57957957957957957957957957957958
3.58658658658658658658658658658659
3.59359359359359359359359359359359
3.60060060060060060060060060060060
3.60760760760760760760760760760761
3.61461461461461461461461461461461
3.62162162162162162162162162162162
3.62862862862862862862862862862863
3.63563563563563563563563563563564
3.64264264264264264264264264264264
3.64964964964964964964964964964965
3.65665665665665665665665665665666
3.66366366366366366366366366366366
3.67067067067067067067067067067067
3.67767767767767767767767767767768
3.68468468468468468468468468468468
3.69169169169169169169169169169169
3.69869869869869869869869869869870
3.70570570570570570570570570570571
3.71271271271271271271271271271271
3.71971971971971971971971971971972
3.72672672672672672672672672672673
3.73373373373373373373373373373373
3.74074074074074074074074074074074
3.74774774774774774774774774774775
3.75475475475475475475475475475475
3.76176176176176176176176176176176
3.76876876876876876876876876876877
3.77577577577577577577577577577578
3.78278278278278278278278278278278
3.78978978978978978978978978978979
3.79679679679679679679679679679680
3.80380380380380380380380380380380
3.81081081081081081081081081081081
3.81781781781781781781781781781782
3.82482482482482482482482482482482
3.83183183183183183183183183183183
3.83883883883883883883883883883884
3.84584584584584584584584584584585
3.85285285285285285285285285285285
3.85985985985985985985985985985986
3.86686686686686686686686686686687
3.87387387387387387387387387387387
3.88088088088088088088088088088088
3.88788788788788788788788788788789
3.89489489489489489489489489489489
3.90190190190190190190190190190190
3.90890890890890890890890890890891
3.91591591591591591591591591591592
3.92292292292292292292292292292292
3.92992992992992992992992992992993
3.93693693693693693693693693693694
3.94394394394394394394394394394394
3.95095095095095095095095095095095
3.95795795795795795795795795795796
3.96496496496496496496496496496497
3.97197197197197197197197197197197
3.97897897897897897897897897897898
3.98598598598598598598598598598599
3.99299299299299299299299299299299
4.00000000000000000000000000000000
