-3.00000000000000000000000000000000
-2.92929292929292929292929292929293
-2.85858585858585858585858585858586
-2.78787878787878787878787878787879
-2.71717171717171717171717171717172
-2.64646464646464646464646464646465
-2.57575757575757575757575757575758
-2.50505050505050505050505050505051
-2.43434343434343434343434343434343
-2.36363636363636363636363636363636
-2.29292929292929292929292929292929
-2.22222222222222222222222222222222
-2.15151515151515151515151515151515
-2.08080808080808080808080808080808
-2.01010101010101010101010101010101
-1.93939393939393939393939393939394
-1.86868686868686868686868686868687
-1.79797979797979797979797979797980
-1.72727272727272727272727272727273
-1.65656565656565656565656565656566
-1.58585858585858585858585858585859
-1.51515151515151515151515151515152
-1.44444444444444444444444444444444
-1.37373737373737373737373737373737
-1.30303030303030303030303030303030
-1.23232323232323232323232323232323
-1.16161616161616161616161616161616
-1.09090909090909090909090909090909
-1.02020202020202020202020202020202
-0.949494949494949494949494949494950
-0.878787878787878787878787878787879
-0.808080808080808080808080808080808
-0.737373737373737373737373737373737
-0.666666666666666666666666666666667
-0.595959595959595959595959595959596
-0.525252525252525252525252525252525
-0.454545454545454545454545454545455
-0.383838383838383838383838383838384
-0.313131313131313131313131313131313
-0.242424242424242424242424242424242
-0.171717171717171717171717171717172
-0.101010101010101010101010101010101
-0.0303030303030303030303030303030303
0.0404040404040404040404040404040404
0.111111111111111111111111111111111
0.181818181818181818181818181818182
0.252525252525252525252525252525253
0.323232323232323232323232323232323
0.393939393939393939393939393939394
0.464646464646464646464646464646465
0.535353535353535353535353535353535
0.606060606060606060606060606060606
0.676767676767676767676767676767677
0.747474747474747474747474747474748
0.818181818181818181818181818181818
0.888888888888888888888888888888889
0.959595959595959595959595959595960
1.03030303030303030303030303030303
1.10101010101010101010101010101010
1.17171717171717171717171717171717
1.24242424242424242424242424242424
1.31313131313131313131313131313131
1.38383838383838383838383838383838
1.45454545454545454545454545454545
1.52525252525252525252525252525253
1.59595959595959595959595959595960
1.66666666666666666666666666666667
1.73737373737373737373737373737374
1.80808080808080808080808080808081
1.87878787878787878787878787878788
1.94949494949494949494949494949495
2.02020202020202020202020202020202
2.09090909090909090909090909090909
2.16161616161616161616161616161616
2.23232323232323232323232323232323
2.30303030303030303030303030303030
2.37373737373737373737373737373737
2.44444444444444444444444444444444
2.51515151515151515151515151515152
2.58585858585858585858585858585859
2.65656565656565656565656565656566
2.72727272727272727272727272727273
2.79797979797979797979797979797980
2.86868686868686868686868686868687
2.93939393939393939393939393939394
3.01010101010101010101010101010101
3.08080808080808080808080808080808
3.15151515151515151515151515151515
3.22222222222222222222222222222222
3.29292929292929292929292929292929
3.36363636363636363636363636363636
3.43434343434343434343434343434343
3.50505050505050505050505050505051
3.57575757575757575757575757575758
3.64646464646464646464646464646465
3.71717171717171717171717171717172
3.78787878787878787878787878787879
3.85858585858585858585858585858586
3.92929292929292929292929292929293
4.00000000000000000000000000000000
